This folder: /media/daniella/B/git/Floflis/Floflis/Floflis-DNA/layers/soil/tmp

  File: ./test.sh
  Size: 0         	Blocks: 0          IO Block: 4096   regular empty file
Device: 8,20	Inode: 4389920     Links: 1
Access: (0664/-rw-rw-r--)  Uid: ( 1000/daniella)   Gid: ( 1000/daniella)
Access: 2023-12-10 19:45:17.364103500 -0300
Modify: 2023-12-10 19:45:17.364103500 -0300
Change: 2023-12-10 19:45:23.811008000 -0300
 Birth: 2023-12-10 19:45:17.364103500 -0300
IPFS hash: 
------------------------------